(kicad_pcb (version 20171130) (host pcbnew 5.0.2-bee76a0~70~ubuntu18.04.1)

  (general
    (thickness 1.6)
    (drawings 12)
    (tracks 171)
    (zones 0)
    (modules 15)
    (nets 17)
  )

  (page A4)
  (layers
    (0 F.Cu signal)
    (31 B.Cu signal hide)
    (32 B.Adhes user)
    (33 F.Adhes user)
    (34 B.Paste user)
    (35 F.Paste user)
    (36 B.SilkS user)
    (37 F.SilkS user hide)
    (38 B.Mask user)
    (39 F.Mask user)
    (40 Dwgs.User user)
    (41 Cmts.User user)
    (42 Eco1.User user)
    (43 Eco2.User user)
    (44 Edge.Cuts user)
    (45 Margin user)
    (46 B.CrtYd user)
    (47 F.CrtYd user)
    (48 B.Fab user)
    (49 F.Fab user hide)
  )

  (setup
    (last_trace_width 0.4)
    (trace_clearance 0.2)
    (zone_clearance 0.508)
    (zone_45_only no)
    (trace_min 0.2)
    (segment_width 0.2)
    (edge_width 0.15)
    (via_size 0.8)
    (via_drill 0.4)
    (via_min_size 0.4)
    (via_min_drill 0.3)
    (uvia_size 0.3)
    (uvia_drill 0.1)
    (uvias_allowed no)
    (uvia_min_size 0.2)
    (uvia_min_drill 0.1)
    (pcb_text_width 0.3)
    (pcb_text_size 1.5 1.5)
    (mod_edge_width 0.15)
    (mod_text_size 1 1)
    (mod_text_width 0.15)
    (pad_size 1.524 1.524)
    (pad_drill 0.762)
    (pad_to_mask_clearance 0.051)
    (solder_mask_min_width 0.25)
    (aux_axis_origin 0 0)
    (visible_elements FFFFFF7F)
    (pcbplotparams
      (layerselection 0x000c0_7ffffffe)
      (usegerberextensions false)
      (usegerberattributes false)
      (usegerberadvancedattributes false)
      (creategerberjobfile false)
      (excludeedgelayer false)
      (linewidth 0.100000)
      (plotframeref false)
      (viasonmask true)
      (mode 1)
      (useauxorigin false)
      (hpglpennumber 1)
      (hpglpenspeed 20)
      (hpglpendiameter 15.000000)
      (psnegative false)
      (psa4output true)
      (plotreference true)
      (plotvalue true)
      (plotinvisibletext false)
      (padsonsilk false)
      (subtractmaskfromsilk false)
      (outputformat 2)
      (mirror true)
      (drillshape 1)
      (scaleselection 1)
      (outputdirectory "prod/"))
  )

  (net 0 "")
  (net 1 "Net-(C1-Pad1)")
  (net 2 GND)
  (net 3 "Net-(C2-Pad2)")
  (net 4 "Net-(C2-Pad1)")
  (net 5 "Net-(C3-Pad2)")
  (net 6 VCC)
  (net 7 "Net-(J1-Pad1)")
  (net 8 "Net-(J1-Pad2)")
  (net 9 "Net-(J1-Pad3)")
  (net 10 +5V)
  (net 11 "Net-(J2-Pad1)")
  (net 12 "Net-(J2-Pad2)")
  (net 13 "Net-(J2-Pad3)")
  (net 14 "Net-(R4-Pad1)")
  (net 15 "Net-(R5-Pad2)")
  (net 16 "Net-(R6-Pad1)")

  (net_class Default "This is the default net class."
    (clearance 0.2)
    (trace_width 0.4)
    (via_dia 0.8)
    (via_drill 0.4)
    (uvia_dia 0.3)
    (uvia_drill 0.1)
    (add_net +5V)
    (add_net "Net-(C1-Pad1)")
    (add_net "Net-(C2-Pad1)")
    (add_net "Net-(C2-Pad2)")
    (add_net "Net-(C3-Pad2)")
    (add_net "Net-(J1-Pad1)")
    (add_net "Net-(J1-Pad2)")
    (add_net "Net-(J1-Pad3)")
    (add_net "Net-(R4-Pad1)")
    (add_net "Net-(R5-Pad2)")
    (add_net "Net-(R6-Pad1)")
  )

  (net_class BLDC ""
    (clearance 0.2)
    (trace_width 0.75)
    (via_dia 0.8)
    (via_drill 0.4)
    (uvia_dia 0.3)
    (uvia_drill 0.1)
    (add_net "Net-(J2-Pad1)")
    (add_net "Net-(J2-Pad2)")
    (add_net "Net-(J2-Pad3)")
  )

  (net_class Power ""
    (clearance 0.2)
    (trace_width 1)
    (via_dia 0.8)
    (via_drill 0.4)
    (uvia_dia 0.3)
    (uvia_drill 0.1)
    (add_net GND)
    (add_net VCC)
  )

  (module Capacitor_SMD:C_0603_1608Metric (layer F.Cu) (tedit 59FE48B8) (tstamp 5E3FE9DA)
    (at 134.62 87.63)
    (descr "Capacitor SMD 0603 (1608 Metric), square (rectangular) end terminal, IPC_7351 nominal, (Body size source: http://www.tortai-tech.com/upload/download/2011102023233369053.pdf), generated with kicad-footprint-generator")
    (tags capacitor)
    (path /5E3C8C68)
    (attr smd)
    (fp_text reference C1 (at 0 -1.65) (layer F.SilkS)
      (effects (font (size 1 1) (thickness 0.15)))
    )
    (fp_text value CP (at 0 1.65) (layer F.Fab)
      (effects (font (size 1 1) (thickness 0.15)))
    )
    (fp_line (start -0.8 0.4) (end -0.8 -0.4) (layer F.Fab) (width 0.1))
    (fp_line (start -0.8 -0.4) (end 0.8 -0.4) (layer F.Fab) (width 0.1))
    (fp_line (start 0.8 -0.4) (end 0.8 0.4) (layer F.Fab) (width 0.1))
    (fp_line (start 0.8 0.4) (end -0.8 0.4) (layer F.Fab) (width 0.1))
    (fp_line (start -0.22 -0.51) (end 0.22 -0.51) (layer F.SilkS) (width 0.12))
    (fp_line (start -0.22 0.51) (end 0.22 0.51) (layer F.SilkS) (width 0.12))
    (fp_line (start -1.46 0.75) (end -1.46 -0.75) (layer F.CrtYd) (width 0.05))
    (fp_line (start -1.46 -0.75) (end 1.46 -0.75) (layer F.CrtYd) (width 0.05))
    (fp_line (start 1.46 -0.75) (end 1.46 0.75) (layer F.CrtYd) (width 0.05))
    (fp_line (start 1.46 0.75) (end -1.46 0.75) (layer F.CrtYd) (width 0.05))
    (fp_text user %R (at 0 0) (layer F.Fab)
      (effects (font (size 0.5 0.5) (thickness 0.08)))
    )
    (pad 1 smd rect (at -0.875 0) (size 0.67 1) (layers F.Cu F.Paste F.Mask)
      (net 1 "Net-(C1-Pad1)"))
    (pad 2 smd rect (at 0.875 0) (size 0.67 1) (layers F.Cu F.Paste F.Mask)
      (net 2 GND))
    (model ${KISYS3DMOD}/Capacitor_SMD.3dshapes/C_0603_1608Metric.wrl
      (at (xyz 0 0 0))
      (scale (xyz 1 1 1))
      (rotate (xyz 0 0 0))
    )
  )

  (module Capacitor_SMD:C_0603_1608Metric (layer F.Cu) (tedit 59FE48B8) (tstamp 5E7342A1)
    (at 138.43 88.9)
    (descr "Capacitor SMD 0603 (1608 Metric), square (rectangular) end terminal, IPC_7351 nominal, (Body size source: http://www.tortai-tech.com/upload/download/2011102023233369053.pdf), generated with kicad-footprint-generator")
    (tags capacitor)
    (path /5E3C8D9E)
    (attr smd)
    (fp_text reference C2 (at 0 -1.65) (layer F.SilkS)
      (effects (font (size 1 1) (thickness 0.15)))
    )
    (fp_text value C (at 0 1.65) (layer F.Fab)
      (effects (font (size 1 1) (thickness 0.15)))
    )
    (fp_text user %R (at 0 0) (layer F.Fab)
      (effects (font (size 0.5 0.5) (thickness 0.08)))
    )
    (fp_line (start 1.46 0.75) (end -1.46 0.75) (layer F.CrtYd) (width 0.05))
    (fp_line (start 1.46 -0.75) (end 1.46 0.75) (layer F.CrtYd) (width 0.05))
    (fp_line (start -1.46 -0.75) (end 1.46 -0.75) (layer F.CrtYd) (width 0.05))
    (fp_line (start -1.46 0.75) (end -1.46 -0.75) (layer F.CrtYd) (width 0.05))
    (fp_line (start -0.22 0.51) (end 0.22 0.51) (layer F.SilkS) (width 0.12))
    (fp_line (start -0.22 -0.51) (end 0.22 -0.51) (layer F.SilkS) (width 0.12))
    (fp_line (start 0.8 0.4) (end -0.8 0.4) (layer F.Fab) (width 0.1))
    (fp_line (start 0.8 -0.4) (end 0.8 0.4) (layer F.Fab) (width 0.1))
    (fp_line (start -0.8 -0.4) (end 0.8 -0.4) (layer F.Fab) (width 0.1))
    (fp_line (start -0.8 0.4) (end -0.8 -0.4) (layer F.Fab) (width 0.1))
    (pad 2 smd rect (at 0.875 0) (size 0.67 1) (layers F.Cu F.Paste F.Mask)
      (net 3 "Net-(C2-Pad2)"))
    (pad 1 smd rect (at -0.875 0) (size 0.67 1) (layers F.Cu F.Paste F.Mask)
      (net 4 "Net-(C2-Pad1)"))
    (model ${KISYS3DMOD}/Capacitor_SMD.3dshapes/C_0603_1608Metric.wrl
      (at (xyz 0 0 0))
      (scale (xyz 1 1 1))
      (rotate (xyz 0 0 0))
    )
  )

  (module Capacitor_SMD:C_0603_1608Metric (layer F.Cu) (tedit 59FE48B8) (tstamp 5E7342B2)
    (at 134.62 83.82 180)
    (descr "Capacitor SMD 0603 (1608 Metric), square (rectangular) end terminal, IPC_7351 nominal, (Body size source: http://www.tortai-tech.com/upload/download/2011102023233369053.pdf), generated with kicad-footprint-generator")
    (tags capacitor)
    (path /5E3C97A5)
    (attr smd)
    (fp_text reference C3 (at 0 -1.65 180) (layer F.SilkS)
      (effects (font (size 1 1) (thickness 0.15)))
    )
    (fp_text value C (at 0 1.65 180) (layer F.Fab)
      (effects (font (size 1 1) (thickness 0.15)))
    )
    (fp_line (start -0.8 0.4) (end -0.8 -0.4) (layer F.Fab) (width 0.1))
    (fp_line (start -0.8 -0.4) (end 0.8 -0.4) (layer F.Fab) (width 0.1))
    (fp_line (start 0.8 -0.4) (end 0.8 0.4) (layer F.Fab) (width 0.1))
    (fp_line (start 0.8 0.4) (end -0.8 0.4) (layer F.Fab) (width 0.1))
    (fp_line (start -0.22 -0.51) (end 0.22 -0.51) (layer F.SilkS) (width 0.12))
    (fp_line (start -0.22 0.51) (end 0.22 0.51) (layer F.SilkS) (width 0.12))
    (fp_line (start -1.46 0.75) (end -1.46 -0.75) (layer F.CrtYd) (width 0.05))
    (fp_line (start -1.46 -0.75) (end 1.46 -0.75) (layer F.CrtYd) (width 0.05))
    (fp_line (start 1.46 -0.75) (end 1.46 0.75) (layer F.CrtYd) (width 0.05))
    (fp_line (start 1.46 0.75) (end -1.46 0.75) (layer F.CrtYd) (width 0.05))
    (fp_text user %R (at 0 0 180) (layer F.Fab)
      (effects (font (size 0.5 0.5) (thickness 0.08)))
    )
    (pad 1 smd rect (at -0.875 0 180) (size 0.67 1) (layers F.Cu F.Paste F.Mask)
      (net 2 GND))
    (pad 2 smd rect (at 0.875 0 180) (size 0.67 1) (layers F.Cu F.Paste F.Mask)
      (net 5 "Net-(C3-Pad2)"))
    (model ${KISYS3DMOD}/Capacitor_SMD.3dshapes/C_0603_1608Metric.wrl
      (at (xyz 0 0 0))
      (scale (xyz 1 1 1))
      (rotate (xyz 0 0 0))
    )
  )

  (module Diode_SMD:D_1206_3216Metric (layer F.Cu) (tedit 5A00A67B) (tstamp 5E7342C5)
    (at 139.7 92.71 270)
    (descr "Diode SMD 1206 (3216 Metric), square (rectangular) end terminal, IPC_7351 nominal, (Body size source: http://www.tortai-tech.com/upload/download/2011102023233369053.pdf), generated with kicad-footprint-generator")
    (tags diode)
    (path /5E3C8ECA)
    (attr smd)
    (fp_text reference D1 (at 0 -2.05 270) (layer F.SilkS)
      (effects (font (size 1 1) (thickness 0.15)))
    )
    (fp_text value D (at 0 2.05 270) (layer F.Fab)
      (effects (font (size 1 1) (thickness 0.15)))
    )
    (fp_line (start 1.6 -0.8) (end -1.2 -0.8) (layer F.Fab) (width 0.1))
    (fp_line (start -1.2 -0.8) (end -1.6 -0.4) (layer F.Fab) (width 0.1))
    (fp_line (start -1.6 -0.4) (end -1.6 0.8) (layer F.Fab) (width 0.1))
    (fp_line (start -1.6 0.8) (end 1.6 0.8) (layer F.Fab) (width 0.1))
    (fp_line (start 1.6 0.8) (end 1.6 -0.8) (layer F.Fab) (width 0.1))
    (fp_line (start 1.6 -1.16) (end -2.3 -1.16) (layer F.SilkS) (width 0.12))
    (fp_line (start -2.3 -1.16) (end -2.3 1.16) (layer F.SilkS) (width 0.12))
    (fp_line (start -2.3 1.16) (end 1.6 1.16) (layer F.SilkS) (width 0.12))
    (fp_line (start -2.29 1.15) (end -2.29 -1.15) (layer F.CrtYd) (width 0.05))
    (fp_line (start -2.29 -1.15) (end 2.29 -1.15) (layer F.CrtYd) (width 0.05))
    (fp_line (start 2.29 -1.15) (end 2.29 1.15) (layer F.CrtYd) (width 0.05))
    (fp_line (start 2.29 1.15) (end -2.29 1.15) (layer F.CrtYd) (width 0.05))
    (fp_text user %R (at 0 0 270) (layer F.Fab)
      (effects (font (size 0.8 0.8) (thickness 0.12)))
    )
    (pad 1 smd rect (at -1.505 0 270) (size 1.07 1.8) (layers F.Cu F.Paste F.Mask)
      (net 3 "Net-(C2-Pad2)"))
    (pad 2 smd rect (at 1.505 0 270) (size 1.07 1.8) (layers F.Cu F.Paste F.Mask)
      (net 6 VCC))
    (model ${KISYS3DMOD}/Diode_SMD.3dshapes/D_1206_3216Metric.wrl
      (at (xyz 0 0 0))
      (scale (xyz 1 1 1))
      (rotate (xyz 0 0 0))
    )
  )

  (module Diode_SMD:D_1206_3216Metric (layer F.Cu) (tedit 5A00A67B) (tstamp 5E7342D8)
    (at 139.7 85.09 270)
    (descr "Diode SMD 1206 (3216 Metric), square (rectangular) end terminal, IPC_7351 nominal, (Body size source: http://www.tortai-tech.com/upload/download/2011102023233369053.pdf), generated with kicad-footprint-generator")
    (tags diode)
    (path /5E3C8F10)
    (attr smd)
    (fp_text reference D2 (at 0 -2.05 270) (layer F.SilkS)
      (effects (font (size 1 1) (thickness 0.15)))
    )
    (fp_text value D (at 0 2.05 270) (layer F.Fab)
      (effects (font (size 1 1) (thickness 0.15)))
    )
    (fp_text user %R (at 0 0 270) (layer F.Fab)
      (effects (font (size 0.8 0.8) (thickness 0.12)))
    )
    (fp_line (start 2.29 1.15) (end -2.29 1.15) (layer F.CrtYd) (width 0.05))
    (fp_line (start 2.29 -1.15) (end 2.29 1.15) (layer F.CrtYd) (width 0.05))
    (fp_line (start -2.29 -1.15) (end 2.29 -1.15) (layer F.CrtYd) (width 0.05))
    (fp_line (start -2.29 1.15) (end -2.29 -1.15) (layer F.CrtYd) (width 0.05))
    (fp_line (start -2.3 1.16) (end 1.6 1.16) (layer F.SilkS) (width 0.12))
    (fp_line (start -2.3 -1.16) (end -2.3 1.16) (layer F.SilkS) (width 0.12))
    (fp_line (start 1.6 -1.16) (end -2.3 -1.16) (layer F.SilkS) (width 0.12))
    (fp_line (start 1.6 0.8) (end 1.6 -0.8) (layer F.Fab) (width 0.1))
    (fp_line (start -1.6 0.8) (end 1.6 0.8) (layer F.Fab) (width 0.1))
    (fp_line (start -1.6 -0.4) (end -1.6 0.8) (layer F.Fab) (width 0.1))
    (fp_line (start -1.2 -0.8) (end -1.6 -0.4) (layer F.Fab) (width 0.1))
    (fp_line (start 1.6 -0.8) (end -1.2 -0.8) (layer F.Fab) (width 0.1))
    (pad 2 smd rect (at 1.505 0 270) (size 1.07 1.8) (layers F.Cu F.Paste F.Mask)
      (net 3 "Net-(C2-Pad2)"))
    (pad 1 smd rect (at -1.505 0 270) (size 1.07 1.8) (layers F.Cu F.Paste F.Mask)
      (net 5 "Net-(C3-Pad2)"))
    (model ${KISYS3DMOD}/Diode_SMD.3dshapes/D_1206_3216Metric.wrl
      (at (xyz 0 0 0))
      (scale (xyz 1 1 1))
      (rotate (xyz 0 0 0))
    )
  )

  (module Connector_PinHeader_2.54mm:PinHeader_1x05_P2.54mm_Vertical (layer F.Cu) (tedit 59FED5CC) (tstamp 5E7342F1)
    (at 109.22 83.82)
    (descr "Through hole straight pin header, 1x05, 2.54mm pitch, single row")
    (tags "Through hole pin header THT 1x05 2.54mm single row")
    (path /5E3CAD4C)
    (fp_text reference J1 (at 0 -2.33) (layer F.SilkS)
      (effects (font (size 1 1) (thickness 0.15)))
    )
    (fp_text value Conn_01x05_Male (at 0 12.49) (layer F.Fab)
      (effects (font (size 1 1) (thickness 0.15)))
    )
    (fp_line (start -0.635 -1.27) (end 1.27 -1.27) (layer F.Fab) (width 0.1))
    (fp_line (start 1.27 -1.27) (end 1.27 11.43) (layer F.Fab) (width 0.1))
    (fp_line (start 1.27 11.43) (end -1.27 11.43) (layer F.Fab) (width 0.1))
    (fp_line (start -1.27 11.43) (end -1.27 -0.635) (layer F.Fab) (width 0.1))
    (fp_line (start -1.27 -0.635) (end -0.635 -1.27) (layer F.Fab) (width 0.1))
    (fp_line (start -1.33 11.49) (end 1.33 11.49) (layer F.SilkS) (width 0.12))
    (fp_line (start -1.33 1.27) (end -1.33 11.49) (layer F.SilkS) (width 0.12))
    (fp_line (start 1.33 1.27) (end 1.33 11.49) (layer F.SilkS) (width 0.12))
    (fp_line (start -1.33 1.27) (end 1.33 1.27) (layer F.SilkS) (width 0.12))
    (fp_line (start -1.33 0) (end -1.33 -1.33) (layer F.SilkS) (width 0.12))
    (fp_line (start -1.33 -1.33) (end 0 -1.33) (layer F.SilkS) (width 0.12))
    (fp_line (start -1.8 -1.8) (end -1.8 11.95) (layer F.CrtYd) (width 0.05))
    (fp_line (start -1.8 11.95) (end 1.8 11.95) (layer F.CrtYd) (width 0.05))
    (fp_line (start 1.8 11.95) (end 1.8 -1.8) (layer F.CrtYd) (width 0.05))
    (fp_line (start 1.8 -1.8) (end -1.8 -1.8) (layer F.CrtYd) (width 0.05))
    (fp_text user %R (at 0 5.08 90) (layer F.Fab)
      (effects (font (size 1 1) (thickness 0.15)))
    )
    (pad 1 thru_hole rect (at 0 0) (size 1.7 1.7) (drill 1) (layers *.Cu *.Mask)
      (net 7 "Net-(J1-Pad1)"))
    (pad 2 thru_hole oval (at 0 2.54) (size 1.7 1.7) (drill 1) (layers *.Cu *.Mask)
      (net 8 "Net-(J1-Pad2)"))
    (pad 3 thru_hole oval (at 0 5.08) (size 1.7 1.7) (drill 1) (layers *.Cu *.Mask)
      (net 9 "Net-(J1-Pad3)"))
    (pad 4 thru_hole oval (at 0 7.62) (size 1.7 1.7) (drill 1) (layers *.Cu *.Mask)
      (net 10 +5V))
    (pad 5 thru_hole oval (at 0 10.16) (size 1.7 1.7) (drill 1) (layers *.Cu *.Mask)
      (net 2 GND))
    (model ${KISYS3DMOD}/Connector_PinHeader_2.54mm.3dshapes/PinHeader_1x05_P2.54mm_Vertical.wrl
      (at (xyz 0 0 0))
      (scale (xyz 1 1 1))
      (rotate (xyz 0 0 0))
    )
  )

  (module Connector_PinHeader_2.54mm:PinHeader_1x03_P2.54mm_Vertical (layer F.Cu) (tedit 59FED5CC) (tstamp 5E73481A)
    (at 125.73 76.2 270)
    (descr "Through hole straight pin header, 1x03, 2.54mm pitch, single row")
    (tags "Through hole pin header THT 1x03 2.54mm single row")
    (path /5E3CC63E)
    (fp_text reference J2 (at 0 -2.33 270) (layer F.SilkS)
      (effects (font (size 1 1) (thickness 0.15)))
    )
    (fp_text value Conn_01x03_Male (at 0 7.41 270) (layer F.Fab)
      (effects (font (size 1 1) (thickness 0.15)))
    )
    (fp_line (start -0.635 -1.27) (end 1.27 -1.27) (layer F.Fab) (width 0.1))
    (fp_line (start 1.27 -1.27) (end 1.27 6.35) (layer F.Fab) (width 0.1))
    (fp_line (start 1.27 6.35) (end -1.27 6.35) (layer F.Fab) (width 0.1))
    (fp_line (start -1.27 6.35) (end -1.27 -0.635) (layer F.Fab) (width 0.1))
    (fp_line (start -1.27 -0.635) (end -0.635 -1.27) (layer F.Fab) (width 0.1))
    (fp_line (start -1.33 6.41) (end 1.33 6.41) (layer F.SilkS) (width 0.12))
    (fp_line (start -1.33 1.27) (end -1.33 6.41) (layer F.SilkS) (width 0.12))
    (fp_line (start 1.33 1.27) (end 1.33 6.41) (layer F.SilkS) (width 0.12))
    (fp_line (start -1.33 1.27) (end 1.33 1.27) (layer F.SilkS) (width 0.12))
    (fp_line (start -1.33 0) (end -1.33 -1.33) (layer F.SilkS) (width 0.12))
    (fp_line (start -1.33 -1.33) (end 0 -1.33) (layer F.SilkS) (width 0.12))
    (fp_line (start -1.8 -1.8) (end -1.8 6.85) (layer F.CrtYd) (width 0.05))
    (fp_line (start -1.8 6.85) (end 1.8 6.85) (layer F.CrtYd) (width 0.05))
    (fp_line (start 1.8 6.85) (end 1.8 -1.8) (layer F.CrtYd) (width 0.05))
    (fp_line (start 1.8 -1.8) (end -1.8 -1.8) (layer F.CrtYd) (width 0.05))
    (fp_text user %R (at 0 2.54) (layer F.Fab)
      (effects (font (size 1 1) (thickness 0.15)))
    )
    (pad 1 thru_hole rect (at 0 0 270) (size 1.7 1.7) (drill 1) (layers *.Cu *.Mask)
      (net 11 "Net-(J2-Pad1)"))
    (pad 2 thru_hole oval (at 0 2.54 270) (size 1.7 1.7) (drill 1) (layers *.Cu *.Mask)
      (net 12 "Net-(J2-Pad2)"))
    (pad 3 thru_hole oval (at 0 5.08 270) (size 1.7 1.7) (drill 1) (layers *.Cu *.Mask)
      (net 13 "Net-(J2-Pad3)"))
    (model ${KISYS3DMOD}/Connector_PinHeader_2.54mm.3dshapes/PinHeader_1x03_P2.54mm_Vertical.wrl
      (at (xyz 0 0 0))
      (scale (xyz 1 1 1))
      (rotate (xyz 0 0 0))
    )
  )

  (module Connector_PinHeader_2.54mm:PinHeader_1x02_P2.54mm_Vertical (layer F.Cu) (tedit 59FED5CC) (tstamp 5E73431E)
    (at 135.89 99.06 180)
    (descr "Through hole straight pin header, 1x02, 2.54mm pitch, single row")
    (tags "Through hole pin header THT 1x02 2.54mm single row")
    (path /5E3CCE03)
    (fp_text reference J3 (at 0 -2.33 180) (layer F.SilkS)
      (effects (font (size 1 1) (thickness 0.15)))
    )
    (fp_text value Conn_01x02_Male (at 0 4.87 180) (layer F.Fab)
      (effects (font (size 1 1) (thickness 0.15)))
    )
    (fp_line (start -0.635 -1.27) (end 1.27 -1.27) (layer F.Fab) (width 0.1))
    (fp_line (start 1.27 -1.27) (end 1.27 3.81) (layer F.Fab) (width 0.1))
    (fp_line (start 1.27 3.81) (end -1.27 3.81) (layer F.Fab) (width 0.1))
    (fp_line (start -1.27 3.81) (end -1.27 -0.635) (layer F.Fab) (width 0.1))
    (fp_line (start -1.27 -0.635) (end -0.635 -1.27) (layer F.Fab) (width 0.1))
    (fp_line (start -1.33 3.87) (end 1.33 3.87) (layer F.SilkS) (width 0.12))
    (fp_line (start -1.33 1.27) (end -1.33 3.87) (layer F.SilkS) (width 0.12))
    (fp_line (start 1.33 1.27) (end 1.33 3.87) (layer F.SilkS) (width 0.12))
    (fp_line (start -1.33 1.27) (end 1.33 1.27) (layer F.SilkS) (width 0.12))
    (fp_line (start -1.33 0) (end -1.33 -1.33) (layer F.SilkS) (width 0.12))
    (fp_line (start -1.33 -1.33) (end 0 -1.33) (layer F.SilkS) (width 0.12))
    (fp_line (start -1.8 -1.8) (end -1.8 4.35) (layer F.CrtYd) (width 0.05))
    (fp_line (start -1.8 4.35) (end 1.8 4.35) (layer F.CrtYd) (width 0.05))
    (fp_line (start 1.8 4.35) (end 1.8 -1.8) (layer F.CrtYd) (width 0.05))
    (fp_line (start 1.8 -1.8) (end -1.8 -1.8) (layer F.CrtYd) (width 0.05))
    (fp_text user %R (at 0 1.27 270) (layer F.Fab)
      (effects (font (size 1 1) (thickness 0.15)))
    )
    (pad 1 thru_hole rect (at 0 0 180) (size 1.7 1.7) (drill 1) (layers *.Cu *.Mask)
      (net 2 GND))
    (pad 2 thru_hole oval (at 0 2.54 180) (size 1.7 1.7) (drill 1) (layers *.Cu *.Mask)
      (net 6 VCC))
    (model ${KISYS3DMOD}/Connector_PinHeader_2.54mm.3dshapes/PinHeader_1x02_P2.54mm_Vertical.wrl
      (at (xyz 0 0 0))
      (scale (xyz 1 1 1))
      (rotate (xyz 0 0 0))
    )
  )

  (module Resistor_SMD:R_0603_1608Metric (layer F.Cu) (tedit 59FE48B8) (tstamp 5E73432F)
    (at 121.92 99.06 90)
    (descr "Resistor SMD 0603 (1608 Metric), square (rectangular) end terminal, IPC_7351 nominal, (Body size source: http://www.tortai-tech.com/upload/download/2011102023233369053.pdf), generated with kicad-footprint-generator")
    (tags resistor)
    (path /5E3CB083)
    (attr smd)
    (fp_text reference R1 (at 0 -1.65 90) (layer F.SilkS)
      (effects (font (size 1 1) (thickness 0.15)))
    )
    (fp_text value R (at 0 1.65 90) (layer F.Fab)
      (effects (font (size 1 1) (thickness 0.15)))
    )
    (fp_text user %R (at 0 0 90) (layer F.Fab)
      (effects (font (size 0.5 0.5) (thickness 0.08)))
    )
    (fp_line (start 1.46 0.75) (end -1.46 0.75) (layer F.CrtYd) (width 0.05))
    (fp_line (start 1.46 -0.75) (end 1.46 0.75) (layer F.CrtYd) (width 0.05))
    (fp_line (start -1.46 -0.75) (end 1.46 -0.75) (layer F.CrtYd) (width 0.05))
    (fp_line (start -1.46 0.75) (end -1.46 -0.75) (layer F.CrtYd) (width 0.05))
    (fp_line (start -0.22 0.51) (end 0.22 0.51) (layer F.SilkS) (width 0.12))
    (fp_line (start -0.22 -0.51) (end 0.22 -0.51) (layer F.SilkS) (width 0.12))
    (fp_line (start 0.8 0.4) (end -0.8 0.4) (layer F.Fab) (width 0.1))
    (fp_line (start 0.8 -0.4) (end 0.8 0.4) (layer F.Fab) (width 0.1))
    (fp_line (start -0.8 -0.4) (end 0.8 -0.4) (layer F.Fab) (width 0.1))
    (fp_line (start -0.8 0.4) (end -0.8 -0.4) (layer F.Fab) (width 0.1))
    (pad 2 smd rect (at 0.875 0 90) (size 0.67 1) (layers F.Cu F.Paste F.Mask)
      (net 7 "Net-(J1-Pad1)"))
    (pad 1 smd rect (at -0.875 0 90) (size 0.67 1) (layers F.Cu F.Paste F.Mask)
      (net 10 +5V))
    (model ${KISYS3DMOD}/Resistor_SMD.3dshapes/R_0603_1608Metric.wrl
      (at (xyz 0 0 0))
      (scale (xyz 1 1 1))
      (rotate (xyz 0 0 0))
    )
  )

  (module Resistor_SMD:R_0603_1608Metric (layer F.Cu) (tedit 59FE48B8) (tstamp 5E734340)
    (at 119.38 99.06 90)
    (descr "Resistor SMD 0603 (1608 Metric), square (rectangular) end terminal, IPC_7351 nominal, (Body size source: http://www.tortai-tech.com/upload/download/2011102023233369053.pdf), generated with kicad-footprint-generator")
    (tags resistor)
    (path /5E3CB11E)
    (attr smd)
    (fp_text reference R2 (at 0 -1.65 90) (layer F.SilkS)
      (effects (font (size 1 1) (thickness 0.15)))
    )
    (fp_text value R (at 0 1.65 90) (layer F.Fab)
      (effects (font (size 1 1) (thickness 0.15)))
    )
    (fp_line (start -0.8 0.4) (end -0.8 -0.4) (layer F.Fab) (width 0.1))
    (fp_line (start -0.8 -0.4) (end 0.8 -0.4) (layer F.Fab) (width 0.1))
    (fp_line (start 0.8 -0.4) (end 0.8 0.4) (layer F.Fab) (width 0.1))
    (fp_line (start 0.8 0.4) (end -0.8 0.4) (layer F.Fab) (width 0.1))
    (fp_line (start -0.22 -0.51) (end 0.22 -0.51) (layer F.SilkS) (width 0.12))
    (fp_line (start -0.22 0.51) (end 0.22 0.51) (layer F.SilkS) (width 0.12))
    (fp_line (start -1.46 0.75) (end -1.46 -0.75) (layer F.CrtYd) (width 0.05))
    (fp_line (start -1.46 -0.75) (end 1.46 -0.75) (layer F.CrtYd) (width 0.05))
    (fp_line (start 1.46 -0.75) (end 1.46 0.75) (layer F.CrtYd) (width 0.05))
    (fp_line (start 1.46 0.75) (end -1.46 0.75) (layer F.CrtYd) (width 0.05))
    (fp_text user %R (at 0 0 90) (layer F.Fab)
      (effects (font (size 0.5 0.5) (thickness 0.08)))
    )
    (pad 1 smd rect (at -0.875 0 90) (size 0.67 1) (layers F.Cu F.Paste F.Mask)
      (net 10 +5V))
    (pad 2 smd rect (at 0.875 0 90) (size 0.67 1) (layers F.Cu F.Paste F.Mask)
      (net 8 "Net-(J1-Pad2)"))
    (model ${KISYS3DMOD}/Resistor_SMD.3dshapes/R_0603_1608Metric.wrl
      (at (xyz 0 0 0))
      (scale (xyz 1 1 1))
      (rotate (xyz 0 0 0))
    )
  )

  (module Resistor_SMD:R_0603_1608Metric (layer F.Cu) (tedit 59FE48B8) (tstamp 5E734351)
    (at 134.62 90.17 180)
    (descr "Resistor SMD 0603 (1608 Metric), square (rectangular) end terminal, IPC_7351 nominal, (Body size source: http://www.tortai-tech.com/upload/download/2011102023233369053.pdf), generated with kicad-footprint-generator")
    (tags resistor)
    (path /5E3CB176)
    (attr smd)
    (fp_text reference R3 (at 0 -1.65 180) (layer F.SilkS)
      (effects (font (size 1 1) (thickness 0.15)))
    )
    (fp_text value R (at 0 1.65 180) (layer F.Fab)
      (effects (font (size 1 1) (thickness 0.15)))
    )
    (fp_text user %R (at 0 0 180) (layer F.Fab)
      (effects (font (size 0.5 0.5) (thickness 0.08)))
    )
    (fp_line (start 1.46 0.75) (end -1.46 0.75) (layer F.CrtYd) (width 0.05))
    (fp_line (start 1.46 -0.75) (end 1.46 0.75) (layer F.CrtYd) (width 0.05))
    (fp_line (start -1.46 -0.75) (end 1.46 -0.75) (layer F.CrtYd) (width 0.05))
    (fp_line (start -1.46 0.75) (end -1.46 -0.75) (layer F.CrtYd) (width 0.05))
    (fp_line (start -0.22 0.51) (end 0.22 0.51) (layer F.SilkS) (width 0.12))
    (fp_line (start -0.22 -0.51) (end 0.22 -0.51) (layer F.SilkS) (width 0.12))
    (fp_line (start 0.8 0.4) (end -0.8 0.4) (layer F.Fab) (width 0.1))
    (fp_line (start 0.8 -0.4) (end 0.8 0.4) (layer F.Fab) (width 0.1))
    (fp_line (start -0.8 -0.4) (end 0.8 -0.4) (layer F.Fab) (width 0.1))
    (fp_line (start -0.8 0.4) (end -0.8 -0.4) (layer F.Fab) (width 0.1))
    (pad 2 smd rect (at 0.875 0 180) (size 0.67 1) (layers F.Cu F.Paste F.Mask)
      (net 9 "Net-(J1-Pad3)"))
    (pad 1 smd rect (at -0.875 0 180) (size 0.67 1) (layers F.Cu F.Paste F.Mask)
      (net 10 +5V))
    (model ${KISYS3DMOD}/Resistor_SMD.3dshapes/R_0603_1608Metric.wrl
      (at (xyz 0 0 0))
      (scale (xyz 1 1 1))
      (rotate (xyz 0 0 0))
    )
  )

  (module Resistor_SMD:R_0603_1608Metric (layer F.Cu) (tedit 59FE48B8) (tstamp 5E734D8A)
    (at 124.46 99.06 270)
    (descr "Resistor SMD 0603 (1608 Metric), square (rectangular) end terminal, IPC_7351 nominal, (Body size source: http://www.tortai-tech.com/upload/download/2011102023233369053.pdf), generated with kicad-footprint-generator")
    (tags resistor)
    (path /5E3CA12C)
    (attr smd)
    (fp_text reference R4 (at 0 -1.65 270) (layer F.SilkS)
      (effects (font (size 1 1) (thickness 0.15)))
    )
    (fp_text value R (at 0 1.65 270) (layer F.Fab)
      (effects (font (size 1 1) (thickness 0.15)))
    )
    (fp_line (start -0.8 0.4) (end -0.8 -0.4) (layer F.Fab) (width 0.1))
    (fp_line (start -0.8 -0.4) (end 0.8 -0.4) (layer F.Fab) (width 0.1))
    (fp_line (start 0.8 -0.4) (end 0.8 0.4) (layer F.Fab) (width 0.1))
    (fp_line (start 0.8 0.4) (end -0.8 0.4) (layer F.Fab) (width 0.1))
    (fp_line (start -0.22 -0.51) (end 0.22 -0.51) (layer F.SilkS) (width 0.12))
    (fp_line (start -0.22 0.51) (end 0.22 0.51) (layer F.SilkS) (width 0.12))
    (fp_line (start -1.46 0.75) (end -1.46 -0.75) (layer F.CrtYd) (width 0.05))
    (fp_line (start -1.46 -0.75) (end 1.46 -0.75) (layer F.CrtYd) (width 0.05))
    (fp_line (start 1.46 -0.75) (end 1.46 0.75) (layer F.CrtYd) (width 0.05))
    (fp_line (start 1.46 0.75) (end -1.46 0.75) (layer F.CrtYd) (width 0.05))
    (fp_text user %R (at 0 0 270) (layer F.Fab)
      (effects (font (size 0.5 0.5) (thickness 0.08)))
    )
    (pad 1 smd rect (at -0.875 0 270) (size 0.67 1) (layers F.Cu F.Paste F.Mask)
      (net 14 "Net-(R4-Pad1)"))
    (pad 2 smd rect (at 0.875 0 270) (size 0.67 1) (layers F.Cu F.Paste F.Mask)
      (net 10 +5V))
    (model ${KISYS3DMOD}/Resistor_SMD.3dshapes/R_0603_1608Metric.wrl
      (at (xyz 0 0 0))
      (scale (xyz 1 1 1))
      (rotate (xyz 0 0 0))
    )
  )

  (module Resistor_SMD:R_0603_1608Metric (layer F.Cu) (tedit 59FE48B8) (tstamp 5E734373)
    (at 116.84 99.06 90)
    (descr "Resistor SMD 0603 (1608 Metric), square (rectangular) end terminal, IPC_7351 nominal, (Body size source: http://www.tortai-tech.com/upload/download/2011102023233369053.pdf), generated with kicad-footprint-generator")
    (tags resistor)
    (path /5E3CA205)
    (attr smd)
    (fp_text reference R5 (at 0 -1.65 90) (layer F.SilkS)
      (effects (font (size 1 1) (thickness 0.15)))
    )
    (fp_text value R (at 0 1.65 90) (layer F.Fab)
      (effects (font (size 1 1) (thickness 0.15)))
    )
    (fp_text user %R (at 0 0 90) (layer F.Fab)
      (effects (font (size 0.5 0.5) (thickness 0.08)))
    )
    (fp_line (start 1.46 0.75) (end -1.46 0.75) (layer F.CrtYd) (width 0.05))
    (fp_line (start 1.46 -0.75) (end 1.46 0.75) (layer F.CrtYd) (width 0.05))
    (fp_line (start -1.46 -0.75) (end 1.46 -0.75) (layer F.CrtYd) (width 0.05))
    (fp_line (start -1.46 0.75) (end -1.46 -0.75) (layer F.CrtYd) (width 0.05))
    (fp_line (start -0.22 0.51) (end 0.22 0.51) (layer F.SilkS) (width 0.12))
    (fp_line (start -0.22 -0.51) (end 0.22 -0.51) (layer F.SilkS) (width 0.12))
    (fp_line (start 0.8 0.4) (end -0.8 0.4) (layer F.Fab) (width 0.1))
    (fp_line (start 0.8 -0.4) (end 0.8 0.4) (layer F.Fab) (width 0.1))
    (fp_line (start -0.8 -0.4) (end 0.8 -0.4) (layer F.Fab) (width 0.1))
    (fp_line (start -0.8 0.4) (end -0.8 -0.4) (layer F.Fab) (width 0.1))
    (pad 2 smd rect (at 0.875 0 90) (size 0.67 1) (layers F.Cu F.Paste F.Mask)
      (net 15 "Net-(R5-Pad2)"))
    (pad 1 smd rect (at -0.875 0 90) (size 0.67 1) (layers F.Cu F.Paste F.Mask)
      (net 10 +5V))
    (model ${KISYS3DMOD}/Resistor_SMD.3dshapes/R_0603_1608Metric.wrl
      (at (xyz 0 0 0))
      (scale (xyz 1 1 1))
      (rotate (xyz 0 0 0))
    )
  )

  (module Resistor_SMD:R_0603_1608Metric (layer F.Cu) (tedit 59FE48B8) (tstamp 5E734384)
    (at 127 99.06 270)
    (descr "Resistor SMD 0603 (1608 Metric), square (rectangular) end terminal, IPC_7351 nominal, (Body size source: http://www.tortai-tech.com/upload/download/2011102023233369053.pdf), generated with kicad-footprint-generator")
    (tags resistor)
    (path /5E3CA26C)
    (attr smd)
    (fp_text reference R6 (at 0 -1.65 270) (layer F.SilkS)
      (effects (font (size 1 1) (thickness 0.15)))
    )
    (fp_text value R (at 0 1.65 270) (layer F.Fab)
      (effects (font (size 1 1) (thickness 0.15)))
    )
    (fp_line (start -0.8 0.4) (end -0.8 -0.4) (layer F.Fab) (width 0.1))
    (fp_line (start -0.8 -0.4) (end 0.8 -0.4) (layer F.Fab) (width 0.1))
    (fp_line (start 0.8 -0.4) (end 0.8 0.4) (layer F.Fab) (width 0.1))
    (fp_line (start 0.8 0.4) (end -0.8 0.4) (layer F.Fab) (width 0.1))
    (fp_line (start -0.22 -0.51) (end 0.22 -0.51) (layer F.SilkS) (width 0.12))
    (fp_line (start -0.22 0.51) (end 0.22 0.51) (layer F.SilkS) (width 0.12))
    (fp_line (start -1.46 0.75) (end -1.46 -0.75) (layer F.CrtYd) (width 0.05))
    (fp_line (start -1.46 -0.75) (end 1.46 -0.75) (layer F.CrtYd) (width 0.05))
    (fp_line (start 1.46 -0.75) (end 1.46 0.75) (layer F.CrtYd) (width 0.05))
    (fp_line (start 1.46 0.75) (end -1.46 0.75) (layer F.CrtYd) (width 0.05))
    (fp_text user %R (at 0 0 270) (layer F.Fab)
      (effects (font (size 0.5 0.5) (thickness 0.08)))
    )
    (pad 1 smd rect (at -0.875 0 270) (size 0.67 1) (layers F.Cu F.Paste F.Mask)
      (net 16 "Net-(R6-Pad1)"))
    (pad 2 smd rect (at 0.875 0 270) (size 0.67 1) (layers F.Cu F.Paste F.Mask)
      (net 10 +5V))
    (model ${KISYS3DMOD}/Resistor_SMD.3dshapes/R_0603_1608Metric.wrl
      (at (xyz 0 0 0))
      (scale (xyz 1 1 1))
      (rotate (xyz 0 0 0))
    )
  )

  (module so20:so20 (layer F.Cu) (tedit 5E3C8E6F) (tstamp 5E7343A1)
    (at 123.565 87.925)
    (path /5E3C86F5)
    (fp_text reference U1 (at -11 5.08) (layer F.SilkS)
      (effects (font (size 1 1) (thickness 0.15)))
    )
    (fp_text value l6234 (at -11 1.27) (layer F.Fab)
      (effects (font (size 1 1) (thickness 0.15)))
    )
    (fp_line (start -5.5 -8) (end 5.5 -8) (layer F.SilkS) (width 0.15))
    (fp_line (start 5.5 -8) (end 5.5 8) (layer F.SilkS) (width 0.15))
    (fp_line (start 5.5 8) (end -5.5 8) (layer F.SilkS) (width 0.15))
    (fp_line (start -5.5 8) (end -5.5 -8) (layer F.SilkS) (width 0.15))
    (pad 21 smd roundrect (at 0 0) (size 6 9.6) (layers F.Cu F.Paste F.Mask) (roundrect_rratio 0.25)
      (net 2 GND))
    (pad 11 smd rect (at 6.35 5.715) (size 2.5 0.7) (layers F.Cu F.Paste F.Mask)
      (net 2 GND))
    (pad 12 smd rect (at 6.35 4.445) (size 2.5 0.7) (layers F.Cu F.Paste F.Mask)
      (net 6 VCC))
    (pad 13 smd rect (at 6.35 3.175) (size 2.5 0.7) (layers F.Cu F.Paste F.Mask)
      (net 16 "Net-(R6-Pad1)"))
    (pad 14 smd rect (at 6.35 1.905) (size 2.5 0.7) (layers F.Cu F.Paste F.Mask)
      (net 9 "Net-(J1-Pad3)"))
    (pad 15 smd rect (at 6.35 0.635) (size 2.5 0.7) (layers F.Cu F.Paste F.Mask)
      (net 11 "Net-(J2-Pad1)"))
    (pad 16 smd rect (at 6.35 -0.635) (size 2.5 0.7) (layers F.Cu F.Paste F.Mask)
      (net 1 "Net-(C1-Pad1)"))
    (pad 17 smd rect (at 6.35 -1.905) (size 2.5 0.7) (layers F.Cu F.Paste F.Mask)
      (net 4 "Net-(C2-Pad1)"))
    (pad 18 smd rect (at 6.35 -3.175) (size 2.5 0.7) (layers F.Cu F.Paste F.Mask)
      (net 5 "Net-(C3-Pad2)"))
    (pad 19 smd rect (at 6.35 -4.445) (size 2.5 0.7) (layers F.Cu F.Paste F.Mask)
      (net 2 GND))
    (pad 20 smd rect (at 6.35 -5.715) (size 2.5 0.7) (layers F.Cu F.Paste F.Mask)
      (net 2 GND))
    (pad 10 smd rect (at -6.35 5.715) (size 2.5 0.7) (layers F.Cu F.Paste F.Mask)
      (net 2 GND))
    (pad 9 smd rect (at -6.35 4.445) (size 2.5 0.7) (layers F.Cu F.Paste F.Mask)
      (net 6 VCC))
    (pad 8 smd rect (at -6.35 3.175) (size 2.5 0.7) (layers F.Cu F.Paste F.Mask)
      (net 14 "Net-(R4-Pad1)"))
    (pad 7 smd rect (at -6.35 1.905) (size 2.5 0.7) (layers F.Cu F.Paste F.Mask)
      (net 7 "Net-(J1-Pad1)"))
    (pad 6 smd rect (at -6.35 0.635) (size 2.5 0.7) (layers F.Cu F.Paste F.Mask)
      (net 13 "Net-(J2-Pad3)"))
    (pad 5 smd rect (at -6.35 -0.635) (size 2.5 0.7) (layers F.Cu F.Paste F.Mask)
      (net 12 "Net-(J2-Pad2)"))
    (pad 4 smd rect (at -6.35 -1.905) (size 2.5 0.7) (layers F.Cu F.Paste F.Mask)
      (net 8 "Net-(J1-Pad2)"))
    (pad 3 smd rect (at -6.35 -3.175) (size 2.5 0.7) (layers F.Cu F.Paste F.Mask)
      (net 15 "Net-(R5-Pad2)"))
    (pad 2 smd rect (at -6.35 -4.445) (size 2.5 0.7) (layers F.Cu F.Paste F.Mask)
      (net 2 GND))
    (pad 1 smd rect (at -6.35 -5.715) (size 2.5 0.7) (layers F.Cu F.Paste F.Mask)
      (net 2 GND))
  )

  (target plus (at 101.6 87.63) (size 5) (width 0.15) (layer Edge.Cuts) (tstamp 5E3FEE3C))
  (target plus (at 146.05 87.63) (size 5) (width 0.15) (layer Edge.Cuts) (tstamp 5E3FEE3B))
  (target plus (at 123.19 106.68) (size 5) (width 0.15) (layer Edge.Cuts) (tstamp 5E3FEE3A))
  (target plus (at 123.19 68.58) (size 5) (width 0.15) (layer Edge.Cuts) (tstamp 5E3FEE39))
  (target plus (at 102.87 101.6) (size 5) (width 0.15) (layer Edge.Cuts) (tstamp 5E3FEE38))
  (target plus (at 102.87 73.66) (size 5) (width 0.15) (layer Edge.Cuts) (tstamp 5E3FEE37))
  (target plus (at 144.78 73.66) (size 5) (width 0.15) (layer Edge.Cuts) (tstamp 5E3FEE36))
  (target plus (at 144.78 101.6) (size 5) (width 0.15) (layer Edge.Cuts))
  (gr_line (start 106.68 101.6) (end 106.68 73.66) (layer Edge.Cuts) (width 0.15))
  (gr_line (start 140.97 101.6) (end 106.68 101.6) (layer Edge.Cuts) (width 0.15))
  (gr_line (start 140.97 73.66) (end 140.97 101.6) (layer Edge.Cuts) (width 0.15))
  (gr_line (start 106.68 73.66) (end 140.97 73.66) (layer Edge.Cuts) (width 0.15))

  (segment (start 129.915 87.29) (end 131.5653 87.29) (width 0.4) (layer F.Cu) (net 1))
  (segment (start 133.745 87.63) (end 131.9053 87.63) (width 0.4) (layer F.Cu) (net 1))
  (segment (start 131.9053 87.63) (end 131.5653 87.29) (width 0.4) (layer F.Cu) (net 1))
  (segment (start 131.3313 83.5838) (end 131.3313 84.6666) (width 1) (layer B.Cu) (net 2))
  (segment (start 131.3313 84.6666) (end 135.495 88.8303) (width 1) (layer B.Cu) (net 2))
  (segment (start 135.495 88.8303) (end 135.495 93.9161) (width 1) (layer B.Cu) (net 2))
  (segment (start 135.495 93.9161) (end 137.4497 95.8708) (width 1) (layer B.Cu) (net 2))
  (segment (start 137.4497 95.8708) (end 137.4497 97.5003) (width 1) (layer B.Cu) (net 2))
  (segment (start 137.4497 97.5003) (end 135.89 99.06) (width 1) (layer B.Cu) (net 2))
  (segment (start 135.495 87.63) (end 135.495 88.8303) (width 1) (layer F.Cu) (net 2))
  (segment (start 131.3313 83.5838) (end 120.3954 83.5838) (width 1) (layer B.Cu) (net 2))
  (segment (start 120.3954 83.5838) (end 119.1653 82.3537) (width 1) (layer B.Cu) (net 2))
  (segment (start 131.8653 83.0498) (end 131.3313 83.5838) (width 1) (layer B.Cu) (net 2))
  (segment (start 131.8653 93.64) (end 131.8653 96.5856) (width 1) (layer F.Cu) (net 2))
  (segment (start 131.8653 96.5856) (end 134.3397 99.06) (width 1) (layer F.Cu) (net 2))
  (segment (start 131.8653 83.0498) (end 131.8653 83.48) (width 1) (layer F.Cu) (net 2))
  (segment (start 131.8653 82.6197) (end 131.8653 83.0498) (width 1) (layer F.Cu) (net 2))
  (segment (start 131.426 82.21) (end 131.4556 82.21) (width 1) (layer F.Cu) (net 2))
  (segment (start 131.4556 82.21) (end 131.8653 82.6197) (width 1) (layer F.Cu) (net 2))
  (segment (start 131.8653 82.6197) (end 135.495 82.6197) (width 1) (layer F.Cu) (net 2))
  (segment (start 135.495 83.82) (end 135.495 82.6197) (width 1) (layer F.Cu) (net 2))
  (segment (start 129.915 82.21) (end 131.426 82.21) (width 1) (layer F.Cu) (net 2))
  (segment (start 109.22 93.98) (end 107.6696 92.4296) (width 1) (layer B.Cu) (net 2))
  (segment (start 107.6696 92.4296) (end 107.6696 82.6572) (width 1) (layer B.Cu) (net 2))
  (segment (start 107.6696 82.6572) (end 108.0572 82.2696) (width 1) (layer B.Cu) (net 2))
  (segment (start 108.0572 82.2696) (end 119.0812 82.2696) (width 1) (layer B.Cu) (net 2))
  (segment (start 119.0812 82.2696) (end 119.1653 82.3537) (width 1) (layer B.Cu) (net 2))
  (segment (start 129.915 83.48) (end 131.8653 83.48) (width 1) (layer F.Cu) (net 2))
  (segment (start 119.1653 82.3537) (end 119.1653 83.48) (width 1) (layer F.Cu) (net 2))
  (segment (start 119.1653 82.21) (end 119.1653 82.3537) (width 1) (layer F.Cu) (net 2))
  (segment (start 117.215 93.64) (end 115.2647 93.64) (width 1) (layer F.Cu) (net 2))
  (segment (start 109.22 93.98) (end 114.9247 93.98) (width 1) (layer F.Cu) (net 2))
  (segment (start 114.9247 93.98) (end 115.2647 93.64) (width 1) (layer F.Cu) (net 2))
  (segment (start 129.915 93.64) (end 131.8653 93.64) (width 1) (layer F.Cu) (net 2))
  (segment (start 135.89 99.06) (end 134.3397 99.06) (width 1) (layer F.Cu) (net 2))
  (segment (start 119.1653 83.48) (end 119.1653 83.5253) (width 1) (layer F.Cu) (net 2))
  (segment (start 119.1653 83.5253) (end 123.565 87.925) (width 1) (layer F.Cu) (net 2))
  (segment (start 117.215 83.48) (end 119.1653 83.48) (width 1) (layer F.Cu) (net 2))
  (segment (start 117.215 82.21) (end 119.1653 82.21) (width 1) (layer F.Cu) (net 2))
  (via (at 135.495 88.8303) (size 0.8) (layers F.Cu B.Cu) (net 2))
  (via (at 131.8653 83.0498) (size 0.8) (layers F.Cu B.Cu) (net 2))
  (via (at 119.1653 82.3537) (size 0.8) (layers F.Cu B.Cu) (net 2))
  (segment (start 139.305 88.9) (end 139.305 89.8003) (width 0.4) (layer F.Cu) (net 3))
  (segment (start 139.305 89.8003) (end 139.7 90.1953) (width 0.4) (layer F.Cu) (net 3))
  (segment (start 139.7 90.1953) (end 139.7 91.205) (width 0.4) (layer F.Cu) (net 3))
  (segment (start 139.7 87.5303) (end 139.305 87.9253) (width 0.4) (layer F.Cu) (net 3))
  (segment (start 139.305 87.9253) (end 139.305 88.9) (width 0.4) (layer F.Cu) (net 3))
  (segment (start 139.7 86.595) (end 139.7 87.5303) (width 0.4) (layer F.Cu) (net 3))
  (segment (start 137.555 88.9) (end 137.555 87.9997) (width 0.4) (layer F.Cu) (net 4))
  (segment (start 129.915 86.02) (end 135.5753 86.02) (width 0.4) (layer F.Cu) (net 4))
  (segment (start 135.5753 86.02) (end 137.555 87.9997) (width 0.4) (layer F.Cu) (net 4))
  (segment (start 129.915 84.75) (end 132.0797 84.75) (width 0.4) (layer F.Cu) (net 5))
  (segment (start 132.0797 84.75) (end 133.0097 83.82) (width 0.4) (layer F.Cu) (net 5))
  (segment (start 133.745 83.82) (end 134.4803 83.82) (width 0.4) (layer F.Cu) (net 5))
